0 0.73671875 0.54921875 0.04296875 0.12265625
0 0.76328125 0.51796875 0.0453125 0.1609375
0 0.7828125 0.50234375 0.03359375 0.16796875
0 0.80859375 0.49296875 0.040625 0.15859375
0 0.9234375 0.4859375 0.0484375 0.16328125
0 0.834375 0.48046875 0.04296875 0.15859375
0 0.9046875 0.4703125 0.0265625 0.165625
0 0.6546875 0.46640625 0.03828125 0.16328125
0 0.859375 0.4625 0.03125 0.1609375
0 0.6828125 0.45078125 0.02890625 0.18046875
0 0.8859375 0.44921875 0.04296875 0.16328125
0 0.7015625 0.4234375 0.02890625 0.1734375
0 0.725 0.41015625 0.053125 0.17578125
0 0.74765625 0.3953125 0.06484375 0.19921875