0 0.509375 0.671875 0.0984375 0.3484375
0 0.16328125 0.4 0.12734375 0.3390625
0 0.275 0.39765625 0.0625 0.34375
0 0.21875 0.39453125 0.0625 0.33671875
0 0.32578125 0.390625 0.09609375 0.334375
0 0.3734375 0.390625 0.0984375 0.34609375
0 0.50625 0.384375 0.13203125 0.33671875
0 0.43515625 0.38125 0.0765625 0.33671875
0 0.60234375 0.37109375 0.0890625 0.35078125
0 0.55078125 0.36796875 0.0796875 0.35078125
0 0.65859375 0.365625 0.11328125 0.35546875
0 0.7125 0.3578125 0.1421875 0.35078125
0 0.771875 0.353125 0.10546875 0.3609375