0 0.88828125 0.296875 0.1078125 0.5
0 0.8296875 0.31953125 0.10546875 0.4828125
0 0.75625 0.32421875 0.15859375 0.4859375
0 0.69609375 0.33671875 0.1296875 0.5140625
0 0.62734375 0.35078125 0.1109375 0.5171875
0 0.56640625 0.37109375 0.15859375 0.52890625
0 0.5015625 0.38359375 0.1703125 0.53828125
0 0.4203125 0.39453125 0.0984375 0.553125
0 0.35703125 0.415625 0.1390625 0.56484375
0 0.27890625 0.428125 0.08671875 0.571875
0 0.19609375 0.44453125 0.2140625 0.5796875
0 0.1203125 0.475 0.21171875 0.60078125