0 0.703125 0.88828125 0.4859375 0.1828125
0 0.68046875 0.8296875 0.4734375 0.165625
0 0.67578125 0.75625 0.4828125 0.1703125
0 0.66328125 0.69609375 0.5140625 0.1421875
0 0.64921875 0.62734375 0.5171875 0.10546875
0 0.62890625 0.56640625 0.53359375 0.10546875
0 0.61640625 0.5015625 0.5265625 0.20703125
0 0.60546875 0.4203125 0.55546875 0.1078125
0 0.584375 0.35703125 0.5625 0.15390625
0 0.571875 0.27890625 0.5671875 0.19453125
0 0.55546875 0.19609375 0.58203125 0.2046875
0 0.525 0.1203125 0.61328125 0.1109375