0 0.54921875 0.26328125 0.12265625 0.0484375
0 0.51796875 0.23671875 0.1609375 0.0484375
0 0.50234375 0.2171875 0.16796875 0.0484375
0 0.49296875 0.19140625 0.15859375 0.03359375
0 0.4859375 0.0765625 0.1609375 0.06015625
0 0.48046875 0.165625 0.15859375 0.03828125
0 0.4703125 0.0953125 0.165625 0.0453125
0 0.46640625 0.3453125 0.16328125 0.06015625
0 0.4625 0.140625 0.1609375 0.0359375
0 0.45078125 0.3171875 0.18046875 0.05546875
0 0.44921875 0.1140625 0.16328125 0.0359375
0 0.4234375 0.2984375 0.1734375 0.05078125
0 0.41015625 0.275 0.17578125 0.02890625
0 0.3953125 0.25234375 0.196875 0.06953125