0 0.45078125 0.26328125 0.125 0.03828125
0 0.48203125 0.23671875 0.1609375 0.0453125
0 0.49765625 0.2171875 0.165625 0.0625
0 0.50703125 0.19140625 0.15859375 0.053125
0 0.5140625 0.0765625 0.1609375 0.0578125
0 0.51953125 0.165625 0.15859375 0.0484375
0 0.5296875 0.0953125 0.16328125 0.0578125
0 0.53359375 0.3453125 0.16328125 0.0453125
0 0.5375 0.140625 0.1609375 0.05078125
0 0.54921875 0.3171875 0.18046875 0.05078125
0 0.55078125 0.1140625 0.16328125 0.0484375
0 0.5765625 0.2984375 0.1734375 0.03828125
0 0.58984375 0.275 0.1734375 0.0578125
0 0.6046875 0.25234375 0.196875 0.07421875