0 0.671875 0.490625 0.35546875 0.1296875
0 0.4 0.83671875 0.34375 0.115625
0 0.39765625 0.725 0.34609375 0.09375
0 0.39453125 0.78125 0.33671875 0.125
0 0.390625 0.67421875 0.334375 0.09140625
0 0.390625 0.6265625 0.34375 0.10078125
0 0.384375 0.49375 0.34609375 0.071875
0 0.38125 0.56484375 0.33671875 0.11328125
0 0.37109375 0.39765625 0.35078125 0.0890625
0 0.36796875 0.44921875 0.35078125 0.0796875
0 0.365625 0.34140625 0.35546875 0.11796875
0 0.3578125 0.2875 0.353125 0.125
0 0.353125 0.228125 0.36328125 0.06953125