0 0.9578125 0.6265625 0.0796875 0.4546875
0 0.7140625 0.62890625 0.07421875 0.45703125
0 0.28828125 0.62890625 0.178125 0.4515625
0 0.46015625 0.62890625 0.15859375 0.4515625
0 0.37109375 0.6296875 0.11796875 0.46171875
0 0.0515625 0.6296875 0.0984375 0.46640625
0 0.88125 0.63203125 0.13671875 0.4546875
0 0.12890625 0.63203125 0.14453125 0.4515625
0 0.62890625 0.63203125 0.1390625 0.446875
0 0.540625 0.63359375 0.125 0.45703125
0 0.209375 0.6359375 0.125 0.45703125
0 0.79453125 0.63828125 0.1203125 0.44921875