0 0.296875 0.11171875 0.490625 0.1703125
0 0.31953125 0.1703125 0.4828125 0.125
0 0.32421875 0.24375 0.478125 0.18515625
0 0.33671875 0.30390625 0.50234375 0.1828125
0 0.35078125 0.37265625 0.5171875 0.1203125
0 0.37109375 0.43359375 0.51953125 0.1875
0 0.38359375 0.4984375 0.54296875 0.12265625
0 0.39453125 0.5796875 0.53828125 0.21875
0 0.415625 0.64296875 0.56484375 0.0890625
0 0.428125 0.72109375 0.57421875 0.10546875
0 0.44453125 0.80390625 0.58671875 0.1828125
0 0.475 0.8796875 0.6109375 0.16328125